------------------
sim1

T <-  200
Tsplit <- 160
diag_range <- c(0.2, 0.9)

    A11 A12 A21 A22 A31 A32 A41 A42
D1    1   1   1   1   1   1   1   1
C1    1   1   1   1   0   0   0   0
C2    0   0   0   0   1   1   1   1
B1    1   1   0   0   0   0   0   0
B2    0   0   1   1   0   0   0   0
B3    0   0   0   0   1   1   0   0
B4    0   0   0   0   0   0   1   1
A11   1   0   0   0   0   0   0   0
A12   0   1   0   0   0   0   0   0
A21   0   0   1   0   0   0   0   0
A22   0   0   0   1   0   0   0   0
A31   0   0   0   0   1   0   0   0
A32   0   0   0   0   0   1   0   0
A41   0   0   0   0   0   0   1   0
A42   0   0   0   0   0   0   0   1
